19
2 4 5 2 -1 -1 -1 6 -1 -1 8 -1 1 -1 -1
1 4 5 -1 2 -1 -1 -1 6 -1 -1
3 4 2 -1 -1 6 -1 8 -1 -1 5 4 -1 2 -1 -1 -1
1 -1 -1
2 -1 -1
2 -1 1 -1 2 -1 2 -1 2 -1 -1
2 2 2 -1 -1 2 -1 -1 -1
-1
2 2 -1 -1 2 -1 -1
4 2 6 12 -1 -1 -1 4 -1 -1 8 -1 10 -1 -1
5 2 6 12 -1 -1 -1 4 -1 -1 8 -1 10 -1 -1
15 6 3 1 -1 -1 4 -1 -1 9 7 -1 -1 12 -1 -1 20 18 17 -1 -1 -1 24 -1 -1
8 3 1 -1 -1 6 4 -1 -1 7 -1 -1 10 -1 14 13 -1 -1 -1
0 3 0 -1 -1 0 5 -1 0 -1 -1 0 -1 -1 0 2 -1 4 -1 -1 0 -1 7 0 -1 -1 0 -1 -1
1 0 3 -1 -1 -1 0 4 -1 0 -1 -1 0 -1 -1
0 0 -1 -1 -1
5 4 1 -1 -1 3 -1 -1 2 -1 -1
3 1 4 -1 -1 2 -1 6 -1 -1 7 5 -1 -1 8 -1 -1
90 60 35 -1 -1 30 11 -1 -1 8 -1 -1 58 39 15 -1 -1 -1 28 10 -1 -1 6 -1 -1